- name: Unitec
  latitude: -19.7688522
  longitude: -44.1177838
  radius: 300
- name: Sitio
  latitude: -19.559434
  longitude: -43.888697

